{
    "cos_gwtheta": 0.6818968932143022,
    "gwphi": 0.6247850534696543,
    "psi": 0.39269908169872414,
    "cos_inc": 0.5000000000000001,
    "eta": 0.23268698060941828,
    "log10_F": -7.219263270491185,
    "e0": 0.3,
    "gamma0": 1.0471975511965976,
    "gammap": 1.0471975511965976,
    "l0": 1.5707963267948966,
    "lp": 1.5707963267948966,
    "tref": 4548096000.0,
    "log10_A": -7.262429962650929,
    "gwdist": 31.03333333333333,
    "psrdist": 0.3235198964736331
}